78 17
79 18
80 19
81 20
82 21
83 22
84 23
85 24
86 25
87 26
88 27
89 28
90 29
91 30
92 31
93 32
94 33
95 34
96 35
97 36
98 37
99 38
100 39
101 40
102 41
103 42
104 43
105 44
106 45
107 46
108 47
109 48
110 49
111 50
112 51
113 52
114 53
115 54
116 55
117 56
118 57
119 58
120 59
121 60
122 61
123 62
124 63
125 64
126 65
127 66
128 67
129 68
130 69
131 70
132 71
133 72
134 73
135 74
136 75
137 76
138 77
139 78
140 79
141 80
142 81
143 82
144 83
145 84
146 85
147 86
148 87
149 88
150 89
151 90
152 91
153 92
154 93
155 94
156 95
157 96
158 97
159 98
160 99
161 100
162 101
163 102
164 103
165 104
166 105
167 106
168 107
169 108
170 109
171 110
172 111
173 112
174 113
175 114
176 115
177 116
178 117
179 118
180 119
181 120
182 121
183 122
184 123
185 124
186 125
187 126
188 127
189 128
190 129
191 130
192 131
193 132
194 133
195 134
196 135
197 136
198 137
198 138
198 139
198 140
198 141
198 142
198 143
198 144
198 145
198 146
198 147
198 148
198 149
198 150
198 151
198 152
198 153
198 154
198 155
198 156
198 157
198 158
198 159
198 160
198 161
198 162
198 163
198 164
198 165
198 166
198 167
198 168
198 169
198 170
198 171
198 172
198 173
198 174
198 175
198 176
198 177
198 178
198 179
198 180
198 181
198 182
198 183
198 184
198 185
198 186
198 187
198 188
198 189
198 190
198 191
198 192
198 193
198 194
198 195
198 196
198 197
198 198
198 199
198 200
198 201
198 202
198 203
198 204
198 205
